J=3.2284e-6;
b=3.5077e-6;
Ke=0.0274;
Kt=0.0274;
R=4;
L=2.75e-6;
